2 44 15
3 25 17
3 13 22
1 36 16
2 29 21
3 40 12
1 19 19
3 11 2
3 39 19
3 39 5
2 20 25
3 40 1
1 6 15
3 23 3
2 33 6
1 11 22
2 22 16
2 8 1
3 16 16
3 25 5
2 9 1
2 10 16
1 26 23
3 14 22
3 45 4
3 47 15
2 9 13
2 42 22
1 26 12
1 30 14
3 16 24
3 26 8
1 40 11
2 17 1
1 50 22
1 14 19
1 49 2
2 26 18
3 5 20
2 25 25
1 26 17
3 28 17
1 21 6
2 14 25
1 29 24
2 47 14
2 29 12
2 2 14
1 19 19
3 49 18
3 20 21
1 39 23
2 15 20
3 29 9
1 43 12
3 3 8
1 9 13
2 14 14
1 15 9
2 38 7
2 10 3
3 48 16
3 29 8
1 43 11
1 7 5
3 22 9
1 1 17
1 43 7
2 21 22
2 47 9
3 40 21
2 30 18
2 42 24
1 50 18
2 17 1
1 21 25
1 10 25
3 10 17
2 26 14
1 24 10
1 6 1
3 41 7
2 18 25
3 50 25
1 21 18
3 21 15
1 4 1
3 29 13
3 11 13
1 15 13
2 30 19
2 15 11
1 20 3
1 24 4
2 23 24
1 22 19
3 45 22
1 44 3
2 11 13
2 16 4
1 8 9
1 26 25
1 2 19
3 29 20
3 6 17
3 49 13
3 36 9
3 24 4
3 23 14
2 12 4
3 13 14
1 34 14
3 15 17
1 25 20
3 13 25
3 49 1
2 5 13
3 34 11
2 18 9
3 13 22
2 37 11
2 23 19
2 34 10
3 38 11
3 15 23
2 31 23
2 13 4
1 5 14
3 48 6
1 8 21
3 46 9
1 23 7
2 14 15
3 24 4
1 30 18
1 37 25
2 47 12
2 44 16
3 1 15
3 44 22
2 32 19
3 33 16
3 28 7
1 33 7
3 24 13
3 15 24
2 4 22
2 49 15
2 32 16
3 22 11
3 35 19
2 6 1
1 8 4
2 26 11
3 47 11
1 35 2
2 24 6
1 24 6
1 43 12
2 24 10
1 30 19
2 4 24
1 19 8
3 42 8
3 46 4
3 12 15
1 29 13
2 42 11
1 48 3
3 45 3
3 26 9
2 28 13
1 31 8
3 11 25
3 6 20
2 36 9
3 17 12
2 6 5
3 49 2
2 31 23
1 22 1
1 8 3
1 43 8
1 38 21
2 15 1
3 22 11
1 42 4
1 2 9
3 24 10
2 50 17
1 4 13
3 21 20
3 47 15
2 8 4
1 45 18
1 4 16
3 45 10
1 48 11
2 8 11
1 20 10
2 30 16
2 16 13
2 5 9
1 27 19
1 45 15
2 16 18
2 23 13
2 32 12
1 2 19
1 32 16
3 4 22
3 37 12
2 42 17
1 11 20
1 35 16
3 26 8
1 8 6
3 25 12
3 28 15
3 42 24
2 18 2
3 11 15
3 39 7
2 5 19
3 13 4
2 13 6
3 6 15
2 37 15
1 7 17
3 22 10
1 2 3
3 28 13
1 15 4
2 21 8
3 22 22
1 14 12
3 14 17
1 43 5
2 38 13
1 48 9
3 5 10
1 16 14
3 16 6
1 49 3
3 25 24
1 32 15
2 46 3
1 22 22
2 40 10
2 25 9
3 22 13
2 44 5
2 8 20
2 47 20
1 23 22
1 45 3
3 28 23
2 29 21
1 34 12
3 4 14
3 8 10
3 50 6
1 3 13
3 39 9
2 26 8
3 39 2
3 43 4
1 49 7
2 2 18
2 42 21
3 14 5
2 27 4
1 42 9
1 31 22
1 38 24
2 42 15
2 26 7
1 31 6
2 36 9
2 28 25
1 32 15
3 23 16
1 44 10
1 2 15
1 46 4
3 49 21
1 1 23
1 34 5
2 26 16
1 9 18
1 40 1
2 26 24
2 19 17
2 18 21
1 15 18
1 37 16
2 24 18
1 19 4
3 21 4
3 29 14
3 38 4
2 12 6
3 29 24
1 29 16
1 44 7
3 13 20
1 28 20
1 16 15
1 10 10
3 46 13
2 49 3
1 2 16
2 31 19
1 28 25
3 45 18
2 31 5
3 32 10
3 2 2
2 26 11
3 29 6
2 21 6
1 41 9
2 18 14
3 18 18
1 10 12
1 10 17
3 5 25
1 19 2
2 24 4
3 39 9
2 42 5
1 23 20
1 45 13
2 38 7
3 29 17
2 13 1
2 4 5
3 28 25
3 4 1
2 41 14
3 34 7
1 33 5
3 43 1
2 42 13
1 8 17
1 37 4
1 8 7
3 4 10
1 29 15
1 8 5
1 20 13
3 38 23
2 50 17
2 27 8
2 35 17
2 36 4
3 37 11
2 43 16
3 28 20
3 12 4
3 35 25
1 42 12
2 2 13
3 13 14
2 12 25
2 28 10
1 23 22
3 2 16
1 39 18
3 43 7
2 49 16
2 46 7
1 16 11
3 4 23
2 49 11
1 11 16
3 28 13
3 4 16
2 47 7
3 36 24
2 28 24
2 46 19
3 25 11
1 16 14
1 46 15
3 3 2
1 19 5
1 33 8
3 35 6
3 7 18
1 12 20
1 31 15
1 10 14
1 49 6
3 12 2
1 11 6
3 25 1
3 31 8
3 25 19
1 50 3
1 50 14
1 23 21
2 16 5
2 45 5
3 15 17
2 25 4
2 37 6
1 28 11
3 3 10
1 10 11
3 32 12
2 2 11
3 11 1
2 37 23
2 42 14
2 24 13
1 39 2
1 3 4
2 2 9
1 19 18
3 15 2
2 1 3
2 6 16
2 45 2
3 13 20
3 24 19
3 40 7
3 35 11
3 41 12
1 34 7
2 11 23
3 27 24
2 50 6
2 1 2
1 26 14
3 37 14
3 15 4
3 43 15
3 2 7
2 44 15
1 29 3
1 41 4
1 33 5
3 17 6
1 30 8
3 12 20
2 37 11
2 47 5
2 40 7
3 24 25
3 15 5
2 30 23
1 18 7
3 38 1
2 35 5
3 23 16
2 26 4
2 32 25
1 31 16
3 9 17
1 4 6
1 28 12
1 5 4
1 39 18
3 27 5
3 48 2
2 40 4
2 19 12
1 28 17
2 19 25
1 35 6
1 6 10
2 27 15
1 30 5
3 31 6
2 15 6
2 39 22
2 41 16
1 19 20
1 15 13
2 3 23
3 47 5
1 26 6
1 9 13
1 36 18
3 42 10
3 1 23
2 40 16
1 38 11
1 27 2
3 17 5
1 15 1
1 47 1
3 20 11
3 22 23
1 31 16
1 44 18
3 5 7
3 31 19
1 3 22
3 39 16
3 23 5
1 12 3
3 34 24
1 18 20
3 45 25
1 32 20
2 19 24
1 46 6
3 32 8
3 46 24
3 39 21
1 9 9
1 29 18
2 10 10
2 41 6
2 14 15
3 27 8
2 24 4
1 40 12
3 4 7
1 33 22
2 43 5
1 30 8
3 17 20
2 23 12
1 30 25
3 32 3
2 35 4
1 18 18
2 35 23
3 28 7
3 15 24
1 11 5
2 49 21
2 49 20
2 4 1
2 48 10
3 49 19
3 6 13
2 50 24
3 28 1
3 26 16
3 4 1
2 43 2
3 3 25
1 24 3
1 21 2
2 22 25
1 2 7
3 50 9
3 23 11
1 1 11
2 28 16
2 33 8
1 38 10
2 11 10
2 37 7
3 47 4
2 25 7
3 42 8
3 33 7
2 26 8
1 34 10
3 21 19
3 33 6
3 22 19
3 39 7
3 31 4
2 50 5
2 3 22
2 38 6
3 34 8
1 17 18
1 40 13
1 46 22
3 41 19
3 45 7
3 28 14
1 19 14
1 15 18
1 23 5
3 11 15
1 30 8
3 11 23
3 35 20
2 41 12
1 43 6
1 26 9
1 35 4
1 50 20
2 14 18
1 7 3
2 10 9
3 4 19
1 11 5
1 15 23
1 38 15
3 18 15
3 36 1
3 44 2
3 44 17
3 25 1
1 25 10
3 6 13
1 12 1
3 38 17
1 26 4
3 21 21
2 49 8
2 32 1
1 34 19
1 31 21
1 29 20
3 13 2
3 43 14
1 2 3
2 35 5
2 32 25
2 22 25
3 37 6
1 32 17
1 17 24
3 4 2
2 50 17
2 11 9
1 48 10
1 27 21
2 34 2
2 38 25
1 25 13
1 38 19
2 21 13
2 1 16
2 2 18
3 32 5
2 2 2
3 50 5
1 2 13
2 28 3
1 29 2
1 38 16
3 39 13
2 14 15
2 42 19
1 34 25
3 38 2
1 1 3
2 9 4
3 45 6
2 32 12
3 6 1
2 50 14
2 32 4
1 6 20
3 22 5
2 44 17
3 19 17
2 24 2
1 44 21
1 17 4
1 17 9
1 33 9
1 38 17
1 32 22
2 22 20
2 36 15
1 28 10
3 47 11
3 44 4
1 46 22
2 37 14
2 2 23
2 33 10
3 41 18
2 20 14
2 3 24
2 26 3
3 45 24
3 15 17
1 32 15
1 28 3
3 8 6
3 22 14
3 5 4
1 8 25
3 8 2
2 48 5
3 50 24
1 35 15
2 2 21
3 14 1
1 40 8
2 12 6
3 21 10
1 48 20
1 16 2
2 9 1
3 4 1
1 48 12
2 36 14
1 16 2
2 22 16
1 10 4
1 13 2
1 19 1
3 49 16
3 7 24
2 20 3
2 32 2
1 9 14
3 33 5
1 32 3
3 15 14
1 3 1
3 3 19
2 20 19
3 15 25
1 38 19
3 37 1
1 48 9
3 22 18
3 24 1
3 44 15
3 42 19
2 45 22
1 46 18
2 15 8
2 10 22
3 33 10
3 33 8
2 49 4
3 43 5
3 40 23
3 49 16
1 36 10
3 15 5
1 38 22
1 12 6
2 4 13
3 47 23
2 1 21
3 46 13
2 19 4
2 32 3
1 38 15
2 42 6
2 13 18
2 17 6
1 45 10
1 33 6
3 28 6
1 6 3
1 35 22
2 14 3
2 32 17
3 35 8
2 19 20
3 49 13
3 34 10
2 8 17
1 5 22
1 23 2
3 2 11
2 37 1
2 25 8
3 3 19
3 38 14
2 15 12
2 50 22
2 44 6
1 45 12
3 4 10
2 15 13
2 1 1
3 39 1
3 20 5
3 35 17
1 44 8
2 16 10
2 49 5
3 24 25
1 19 5
2 41 21
2 27 21
3 36 11
3 7 7
3 20 16
3 47 9
3 36 2
1 22 25
2 13 25
2 17 19
1 6 11
3 34 14
1 37 24
2 41 7
1 50 4
1 1 25
2 13 12
3 32 8
1 7 22
1 34 14
2 14 21
3 15 4
2 37 15
2 20 7
1 33 7
1 14 9
3 3 21
2 18 4
2 9 12
2 2 20
3 15 11
3 38 2
3 1 13
1 38 9
1 8 17
2 31 7
2 3 9
1 13 1
1 31 11
2 23 15
2 4 4
3 33 19
3 39 19
1 12 8
2 44 15
2 29 20
1 27 24
3 42 12
2 13 19
2 43 18
3 21 24
3 10 6
2 24 21
3 1 10
2 14 3
2 44 8
3 4 9
2 48 1
1 45 15
1 4 7
3 27 2
3 30 13
1 4 12
2 46 12
3 47 2
2 11 21
1 24 24
1 35 23
3 9 17
1 26 20
3 15 23
2 27 5
3 46 8
1 13 5
3 38 1
3 16 12
3 30 12
2 2 21
1 25 4
2 13 6
2 10 23
1 35 24
1 45 20
1 19 7
2 6 19
1 17 11
2 3 17
2 11 19
1 42 20
2 44 7
3 15 18
1 35 2
1 33 24
3 14 17
3 27 22
3 13 15
1 37 17
1 24 5
3 6 23
1 45 16
3 14 7
1 33 17
3 23 24
3 36 14
1 32 17
2 46 4
2 48 17
1 17 15
1 5 22
3 36 16
2 25 7
2 33 14
3 45 13
3 3 25
3 31 6
3 30 1
2 21 1
1 3 17
1 41 21
3 26 8
3 2 9
2 37 19
3 10 13
2 11 18
3 50 23
2 7 3
2 43 25
3 46 2
3 40 19
1 30 19
2 13 23
2 4 9
2 33 20
2 24 5
1 16 6
3 38 13
3 36 5
3 8 25
1 24 14
1 37 21
1 34 8
3 38 12
1 37 21
1 24 20
3 2 12
1 5 25
3 12 10
2 43 19
1 2 19
3 29 5
2 2 14
3 21 3
3 26 17
1 27 15
3 32 18
2 43 23
2 18 11
3 46 4
3 25 5
1 44 11
2 34 12
3 8 9
2 18 11
1 50 12
2 27 21
1 17 13
3 4 8
1 27 3
3 43 4
2 30 24
1 22 9
2 3 16
1 14 10
1 41 10
2 7 13
1 18 4
1 25 9
1 43 10
2 16 4
1 46 11
2 10 7
2 11 11
1 20 25
1 16 15
2 24 24
2 27 16
3 20 17
2 19 12
1 23 2
3 4 24
1 13 9
1 29 19
1 12 15
1 31 7
3 35 6
1 50 7
2 46 1
2 24 22
3 14 19
2 7 24
2 37 12
1 23 17
2 19 5
2 42 10
1 29 19
2 43 21
3 47 16
3 17 14
2 1 2
1 11 10
2 46 21
2 15 18
1 28 14
1 8 5
2 19 10
2 35 2
1 34 23
3 36 16
1 9 16
1 27 3
1 44 24
1 21 13
2 42 15
3 18 24
3 29 17
3 11 1
1 14 12
3 33 22
1 42 8
1 4 9
1 28 2
1 48 25
2 37 16
2 14 10
2 22 14
2 39 24
2 9 12
3 26 21
2 10 12
1 12 18
1 42 20
2 44 17
3 34 3
1 40 18
2 19 14
3 40 4
3 39 12
3 50 14
3 8 24
3 23 12
1 24 3
1 1 24
2 29 7
1 49 23
1 28 16
1 46 8
1 11 23
3 42 22
3 19 5
3 32 4
1 37 2
1 13 4
2 6 7
3 2 5
1 17 10
1 20 5
1 2 17
1 21 9
3 5 2
2 14 10
1 9 23
3 34 10
3 32 16
3 36 19
1 39 10
3 8 4
2 35 8
3 12 3
2 35 9
2 14 22
1 21 7
3 32 16
3 47 22
3 45 10
3 22 23
2 11 7
3 3 17
2 12 3
3 31 12
2 26 2
3 32 22
2 35 6
2 48 2
3 29 21
2 29 19
3 12 6
1 1 11
2 49 22
3 24 5
2 34 7
3 40 14
1 5 23
2 9 22
2 37 3
2 22 6
3 7 19
3 50 20
1 32 18
2 20 19
1 44 2
1 21 19
1 19 23
2 23 8
2 29 20
2 31 18
3 5 1
3 7 25
3 47 8
3 35 2
3 2 22
3 25 17
1 39 13
1 27 12
1 36 15
3 50 22
2 43 1
1 30 10
1 13 6
3 41 15
1 36 16
3 35 17
1 27 5
3 18 8
3 19 19
3 13 20
2 27 12
2 19 17
3 35 6
1 10 21
2 12 9
2 38 18
1 9 20
3 40 14
2 9 7
2 42 20
2 24 23
2 9 16
1 2 2
2 1 12
2 38 23
1 20 12
2 18 20
2 22 11
3 7 21
3 14 13
1 40 13
1 28 23
3 8 25
1 46 25
2 30 14
1 46 8
2 32 25
1 14 22
2 10 5
3 37 19
3 10 10
3 7 12
3 43 22
2 8 17
2 8 23
2 8 21
2 47 4
2 30 18
2 2 4
3 18 17
1 23 3
1 43 9
1 35 4
2 1 11
1 43 20
3 46 3
3 34 24
1 22 5
1 32 6
3 24 24
2 9 23
3 29 15
1 14 1
1 18 1
2 42 18
2 14 16
1 31 1
3 29 22
2 20 6
2 15 4
3 2 15
1 40 20
2 38 8
2 39 25
2 2 18
1 34 7
3 44 14
3 28 17
2 19 12
3 15 3
1 36 4
1 6 18
3 18 7
2 4 22
3 19 23
3 1 7
3 1 2
3 3 4
3 26 22
2 7 13
2 18 23
3 18 6
1 37 23
1 38 3
1 40 21
3 36 22
1 37 24
2 28 1
2 35 3
1 31 9
3 28 1
1 31 18
3 27 4
2 6 18
3 6 9
3 31 20
3 14 6
2 48 10
1 13 21
2 24 1
1 47 6
3 22 13
1 50 14
1 3 19
1 33 2
3 8 7
2 34 23
2 7 22
3 33 9
3 36 9
3 22 6
3 11 4
2 20 4
2 32 8
3 38 15
3 28 24
2 37 7
2 1 14
2 3 21
3 24 6
2 47 4
1 2 15
3 19 9
3 27 17
2 29 4
2 33 9
1 19 20
1 4 23
3 36 25
1 26 23
1 49 21
2 5 22
2 16 18
3 28 21
2 49 24
2 11 9
2 19 4
1 11 8
2 41 20
2 43 20
3 50 20
2 36 1
2 14 16
2 49 20
2 28 20
3 36 5
1 2 1
2 15 11
2 24 4
3 33 21
2 15 23
2 19 10
1 44 23
1 14 23
1 4 1
3 42 11
3 16 15
2 45 4
2 31 4
2 13 12
1 14 1
3 36 21
2 34 14
2 27 2
2 39 5
3 20 24
2 35 16
1 48 10
2 24 17
1 4 4
1 30 19
3 3 4
2 12 15
3 17 16
2 21 4
1 50 25
1 41 10
1 49 9
1 36 7
2 25 11
3 2 17
2 29 20
2 28 6
1 41 24
2 32 21
1 4 22
3 50 15
1 37 13
2 11 23
1 50 25
3 20 1
2 32 7
2 25 11
1 34 1
2 33 9
1 12 13
3 41 14
2 7 25
3 5 10
3 12 12
3 30 8
1 40 16
1 46 16
3 8 1
3 45 9
3 27 20
1 8 12
2 26 19
3 33 25
3 15 11
3 45 16
1 28 7
3 42 3
1 19 10
1 48 6
3 10 7
1 10 15
2 49 17
1 15 2
1 18 16
2 6 12
2 2 15
2 40 8
3 43 3
3 48 25
1 37 10
3 22 21
3 45 21
3 14 13
3 30 5
2 10 12
1 31 15
3 33 4
1 12 23
2 27 21
3 20 9
3 23 5
3 41 1
1 4 14
2 41 20
1 20 5
3 35 10
2 17 17
2 8 5
3 28 6
2 23 2
1 4 24
3 32 16
2 6 19
1 41 11
1 10 5
3 13 17
1 5 8
1 28 17
2 24 19
2 41 17
1 17 22
2 23 4
3 5 9
3 26 1
3 18 10
3 39 22
1 19 4
3 44 6
3 23 4
2 34 20
3 46 11
2 33 8
1 38 15
1 12 15
1 48 7
2 13 20
2 45 15
1 10 10
2 19 9
1 48 17
1 18 14
2 36 21
1 33 9
3 14 22
3 21 19
3 15 8
1 9 2
3 4 14
1 31 9
1 14 6
3 43 23
3 32 10
1 6 17
3 20 6
2 49 3
2 10 19
1 43 2
2 14 7
3 24 15
1 39 3
1 48 21
3 46 4
3 13 11
1 42 6
2 42 6
2 10 15
2 13 7
1 42 23
2 13 21
2 40 11
2 24 10
3 32 6
3 49 20
2 8 14
2 24 5
1 20 17
3 7 4
3 47 22
2 42 9
2 28 25
1 19 23
1 4 4
2 20 4
3 20 14
1 28 14
1 40 8
1 18 14
3 2 11
1 11 4
2 16 9
2 7 2
2 35 7
3 42 2
2 46 23
3 38 25
2 10 14
2 24 6
3 42 10
3 5 20
3 31 10
2 3 19
1 50 5
1 49 23
1 4 19
1 24 8
2 31 19
1 45 18
2 24 11
2 16 17
1 11 22
3 41 25
1 24 24
1 13 24
3 29 5
3 43 3
1 32 8
1 37 4
3 24 5
1 45 22
2 10 9
1 38 1
1 35 24
3 35 11
2 33 16
1 26 9
3 4 17
1 25 3
1 15 1
3 15 22
1 31 6
2 46 19
3 10 5
2 22 14
1 35 24
2 1 1
2 45 6
2 49 5
3 8 21
1 48 10
3 34 18
1 30 13
2 24 23
2 45 21
3 49 5
2 23 8
3 5 2
